number_parameters: 4
background_weight: 0.000000
background_parameters[4]: 1.0, 0.47062503758292323, 10.044571855446724, 1.0
background_step[4]: 0.02, 0.000004, 0.0008, 0.02
background_min[4]: 0.0000000000, 0.2000000000, 1.0000000000, 0.0000000000
background_max[4]: 3.0000000000, 1.5000000000, 30.0000000000, 3.0000000000
optimize_parameter[4]:  0, 1, 1, 0
number_streams: 1, 5
stream_weight: -1.1149556479663931
stream_weight_step: 0.000001
stream_weight_min: -20.000000
stream_weight_max: 20.000000
optimize_weight: 1
stream_parameters[5]: 15.559801586888987, 39.972777863259232, -0.52285570493587319, 0.073867934603647017, 0.93847082779815039
stream_step[5]: 0.00003, 0.00004, 0.00006, 0.00004, 0.000004
stream_min[5]: -50.0000000000, 2.4000000000, -3.1415926535, -3.1415926535, 0.1000000000
stream_max[5]: 59.0000000000, 45.6000000000, 3.1415926535, 3.1415926535, 20.0000000000
optimize_parameter[5]:  1, 1, 1, 1, 1
convolve: 30
sgr_coordinates: 0
wedge: 82
r[min,max,steps]: 16.000000, 22.500000, 175
mu[min,max,steps]: 310.000000, 419.000000, 400
nu[min,max,steps]: -1.250000, 1.250000, 20
number_cuts: 0
