number_parameters: 4
background_weight: 0.000000
background_parameters[4]: 1.0000000000, 0.5015499119, 12.0642340023, 1.0000000000
background_step[4]: 0.02, 0.000004, 0.0008, 0.02
background_min[4]: 0.0000000000, 0.2000000000, 1.0000000000, 0.0000000000
background_max[4]: 3.0000000000, 1.5000000000, 30.0000000000, 3.0000000000
optimize_parameter[4]:  0, 1, 1, 0
number_streams: 2, 5
stream_weight: -3.757661
stream_weight_step: 0.000001
stream_weight_min: -20.000000
stream_weight_max: 20.000000
optimize_weight: 1
stream_parameters[5]: 35.6973055092, 22.3970701527, 0.0501913455, 1.0032050004, 2.7658002822
stream_step[5]: 0.00003, 0.0004, 0.00006, 0.00004, 0.000004
stream_min[5]: -50.0000000000, 19.4000000000, -3.1415926535, -3.1415926535, 0.1000000000
stream_max[5]: 59.0000000000, 26.6000000000, 3.1415926535, 3.1415926535, 20.0000000000
optimize_parameter[5]:  1, 1, 1, 1, 1
stream_weight: -3.757661
stream_weight_step: 0.000001
stream_weight_min: -20.000000
stream_weight_max: 20.000000
optimize_weight: 1
stream_parameters[5]: 100.6973055092, 22.3970701527, 0.0501913455, 1.0032050004, 2.7658002822
stream_step[5]: 0.00003, 0.0004, 0.00006, 0.00004, 0.000004
stream_min[5]: -50.0000000000, 19.4000000000, -3.1415926535, -3.1415926535, 0.1000000000
stream_max[5]: 59.0000000000, 23.6000000000, 3.1415926535, 3.1415926535, 20.0000000000
optimize_parameter[5]:  1, 1, 1, 1, 1
convolve: 120
sgr_coordinates: 0
wedge: 82
r[min,max,steps]: 16.000000, 22.500000, 700
mu[min,max,steps]: 310.000000, 419.000000, 1600
nu[min,max,steps]: -1.250000, 1.250000, 320
number_cuts: 0
